50
4
10
-3 2 -1 -2 10 -1 1 -7 3 2 -2 -2 -10 1 5 8 5 -3 5 -4 -8 -9 3 -1 -5 -5 4 -7 -8 2 9 -6 8 4 6 6 3 8 6 4 -8 -7 -10 4 10 -10 10 9 -8 -3
0 40 25 2 24 37 11 48 43 24 10 34 34 24 48 23 32 19 48 35 29 24 23 34 26 12 49 36 4 14 46 35 34 39 1 34 8 18 13 47 15 9 39 32 14 38 30 46 46 41 2
37 0 37 8 12 24 10 16 37 4 4 41 31 28 2 41 10 34 31 21 41 43 19 38 22 21 37 3 39 29 12 42 8 27 13 46 38 20 44 8 31 17 14 13 35 40 12 37 14 42 23
6 35 0 30 31 25 17 28 6 22 19 24 2 42 15 23 15 42 40 8 5 45 50 25 43 30 26 26 18 28 41 2 3 49 31 39 43 19 18 24 29 1 3 5 49 20 7 4 6 38 28
22 9 11 0 23 40 14 8 11 5 17 32 15 9 6 26 17 21 33 47 4 34 6 16 48 21 8 24 46 22 11 42 28 28 9 3 30 6 45 19 41 23 9 47 36 20 20 7 25 36 24
23 23 26 20 0 7 4 40 3 45 41 10 25 22 11 24 47 42 24 9 8 16 26 13 42 17 6 15 10 32 28 26 31 39 34 27 28 23 49 16 38 2 13 45 17 37 46 8 26 14 49
4 32 10 19 37 0 20 28 48 47 37 3 2 45 41 40 49 26 8 39 49 33 10 12 16 15 21 37 20 36 22 31 14 32 30 41 44 29 33 12 43 33 50 38 47 15 11 39 15 34 30
29 17 39 15 32 12 0 18 45 6 32 6 19 16 34 20 13 23 3 27 44 3 1 31 26 3 28 41 33 46 21 10 32 18 18 32 19 4 12 8 6 5 29 50 20 34 42 13 26 16 5
47 21 8 8 23 1 36 0 38 35 17 16 41 7 35 30 18 25 47 25 42 45 31 43 30 47 31 6 28 37 19 39 32 46 22 24 49 26 8 6 16 17 34 11 46 33 42 27 39 27 32
47 25 16 11 7 22 17 50 0 31 20 39 17 23 8 36 29 36 4 36 1 33 9 25 40 14 30 20 3 45 15 44 38 19 13 48 38 16 32 42 33 27 35 3 10 18 12 39 33 44 26
26 5 40 8 8 31 22 42 2 0 23 3 26 34 43 10 34 41 20 18 41 28 7 7 21 37 37 32 49 7 45 7 23 16 16 13 49 31 15 19 48 22 42 35 21 7 24 12 46 13 1
49 29 30 19 15 35 43 33 15 10 0 18 37 37 44 42 9 30 22 11 7 13 8 1 21 40 19 4 26 14 34 25 27 17 47 9 21 27 1 48 26 5 17 41 50 47 41 5 23 21 21
13 9 46 50 34 8 28 44 19 26 22 0 46 12 38 11 21 40 40 28 32 34 22 31 28 35 41 50 17 46 28 35 22 13 20 23 34 10 46 16 35 18 7 32 32 11 16 4 31 48 15
19 26 26 49 16 17 30 33 25 14 20 29 0 30 7 45 19 20 36 41 4 31 47 3 27 2 49 24 31 10 44 14 30 41 32 40 41 28 25 47 36 34 27 5 5 42 41 24 6 24 7
2 47 29 37 1 4 4 25 20 17 22 4 4 0 39 43 28 21 37 13 23 31 14 12 31 18 15 6 19 26 3 22 48 49 19 29 32 45 13 31 29 3 36 25 38 12 11 20 20 37 1
8 38 9 25 5 25 11 5 42 20 25 16 50 5 0 1 1 36 45 26 26 34 45 42 46 7 47 12 7 6 33 8 48 34 12 48 9 44 7 37 21 36 27 37 13 27 18 40 47 28 28
20 21 31 47 12 26 23 36 50 34 46 13 29 49 42 0 19 30 31 3 3 6 16 28 27 50 2 7 50 36 30 17 44 38 10 2 18 17 44 10 49 46 13 20 20 33 23 8 35 11 17
44 27 13 46 20 43 19 21 18 7 7 25 14 47 30 35 0 45 10 46 19 39 35 11 33 34 12 27 6 32 28 27 15 48 21 23 32 27 41 34 47 42 50 13 20 23 40 40 17 18 32
12 32 39 33 35 9 36 37 41 3 7 30 20 37 26 4 25 0 3 5 3 31 45 39 31 35 47 27 21 11 48 9 4 42 40 32 19 34 21 33 38 43 1 23 18 46 36 5 14 47 46
20 26 47 50 4 48 28 20 15 17 29 26 41 39 7 40 20 50 0 29 26 9 17 9 33 10 3 34 15 8 26 30 35 25 37 4 27 47 49 33 28 15 13 27 30 41 34 35 25 22 20
30 40 20 46 45 32 46 36 25 15 36 30 45 48 23 19 29 7 17 0 29 28 3 25 13 13 20 20 40 50 27 8 41 21 33 22 6 26 38 8 4 5 48 15 37 11 4 3 42 15 30
22 12 1 28 33 4 17 9 8 46 5 42 37 41 9 40 46 34 43 26 0 26 47 3 23 42 42 45 7 5 2 23 9 22 41 28 37 14 36 6 9 9 22 46 48 29 46 7 25 23 45
25 13 33 22 49 46 5 36 10 37 36 37 47 15 9 13 17 38 23 21 42 0 4 39 7 17 49 32 34 22 36 17 29 44 45 36 33 50 27 28 18 19 45 6 48 22 36 5 38 47 1
16 23 24 18 26 22 43 24 48 13 27 39 38 16 13 1 35 35 19 4 12 44 0 34 30 32 18 41 12 28 14 3 36 24 36 3 24 48 19 28 19 23 19 18 18 30 38 30 13 9 20
36 10 6 9 39 6 44 12 17 29 4 15 33 22 23 50 48 14 22 11 25 43 14 0 13 20 10 27 37 21 37 4 25 12 22 18 44 4 21 12 28 18 38 12 1 42 46 34 50 8 7
38 42 41 21 44 11 3 24 19 1 36 24 25 20 30 39 4 7 10 22 20 46 35 25 0 6 31 17 10 17 20 38 50 1 38 15 35 37 23 3 25 31 4 27 9 9 44 17 11 49 42
18 2 5 41 32 14 27 10 13 1 28 42 10 43 26 16 26 7 46 24 5 11 44 37 36 0 30 50 41 18 34 12 42 25 11 27 30 27 14 1 6 9 11 49 1 25 38 13 42 11 26
41 40 40 22 35 13 6 3 41 18 45 15 19 30 30 34 38 50 2 48 9 39 37 2 29 23 0 13 38 27 25 18 8 7 8 27 24 15 14 38 45 14 3 24 22 19 35 46 50 50 48
47 49 8 26 45 23 27 10 7 42 17 24 33 9 11 30 44 20 19 42 45 33 32 48 26 19 21 0 33 41 16 19 23 48 29 21 37 45 18 15 39 22 27 47 29 12 36 22 15 16 49
6 29 35 16 50 25 37 8 15 2 39 36 50 36 28 29 47 28 1 18 17 1 17 33 45 9 11 27 0 9 14 30 6 15 35 42 3 21 36 12 27 43 32 1 17 44 15 11 39 26 11
37 42 43 45 47 18 23 12 25 33 18 38 37 39 22 15 40 34 32 50 50 2 40 18 47 50 44 7 12 0 34 29 7 43 44 17 31 14 8 20 48 22 27 7 46 31 33 27 17 43 30
16 9 5 8 22 50 38 32 10 44 9 4 21 50 12 1 9 39 30 42 42 34 21 26 37 49 6 46 11 49 0 27 46 48 46 19 31 41 12 6 15 12 29 30 49 8 49 14 47 17 25
31 30 37 6 18 13 44 11 12 30 38 3 19 23 27 46 21 8 6 5 29 11 21 11 8 29 15 28 33 9 36 0 42 38 28 2 12 48 36 24 15 45 37 44 6 8 21 8 2 46 7
22 43 19 41 41 22 47 38 24 44 31 45 19 29 39 15 28 14 49 32 33 37 44 20 12 2 43 23 39 26 4 26 0 3 20 32 3 20 2 47 1 8 21 39 36 11 10 26 12 7 37
32 45 36 36 47 30 45 5 35 3 32 44 29 33 5 8 16 15 47 37 15 36 35 2 41 49 3 45 24 35 46 17 41 0 31 4 12 19 24 23 24 27 37 17 21 26 32 46 15 6 19
16 25 17 10 45 39 32 25 2 37 19 27 30 25 46 41 33 24 19 43 29 50 50 17 25 32 44 21 29 13 8 29 30 29 0 12 22 9 11 5 45 40 38 8 48 16 15 34 4 23 42
33 4 35 9 40 16 31 29 7 35 35 6 26 37 25 13 46 36 37 47 19 45 29 28 8 27 11 42 10 47 39 31 21 30 36 0 29 22 42 5 35 15 24 11 31 20 5 32 6 3 32
1 46 24 39 21 22 10 33 10 39 36 8 37 16 21 6 49 20 4 3 42 22 14 43 36 36 27 34 26 39 10 13 40 20 16 10 0 42 1 39 28 17 5 5 13 8 19 7 18 6 27
3 16 14 14 15 34 22 40 28 40 46 22 44 29 35 1 1 8 1 45 40 35 20 41 27 40 11 44 23 35 3 14 33 36 11 42 32 0 42 13 24 22 24 15 17 9 3 28 38 13 12
22 14 10 4 6 26 11 39 27 43 3 18 24 33 1 16 11 45 6 31 42 15 15 1 6 24 26 9 41 38 34 43 18 13 50 19 24 30 0 21 13 35 34 9 2 36 14 13 35 20 9
4 35 8 15 31 15 2 3 35 17 19 46 12 13 27 15 4 26 14 7 25 45 20 1 25 30 48 45 30 5 31 46 30 27 22 15 5 23 5 0 6 39 17 34 33 6 47 16 40 41 24
9 13 22 50 20 30 43 32 41 39 21 12 20 31 16 4 2 43 22 10 46 40 13 16 40 21 21 2 13 34 24 17 30 6 33 42 45 7 7 48 0 10 35 31 31 45 44 2 36 39 16
31 6 42 7 41 7 42 43 43 10 44 1 34 14 44 35 22 11 5 46 23 48 41 39 6 38 6 45 41 4 20 46 44 45 10 34 34 43 4 31 45 0 36 13 46 44 49 30 18 32 20
13 36 42 15 38 50 30 18 1 2 10 5 32 37 47 25 36 34 36 39 13 22 20 7 41 50 19 13 36 10 1 33 1 43 4 41 11 36 6 45 34 37 0 4 38 36 20 36 29 29 17
19 7 2 18 21 38 41 22 11 28 28 25 13 36 48 12 20 2 22 6 36 5 40 3 39 25 41 36 9 33 45 44 14 1 15 5 32 29 21 35 43 49 26 0 15 45 45 43 23 30 41
35 50 13 49 7 30 39 9 11 33 10 4 3 15 6 11 37 4 24 44 43 49 13 7 1 28 32 9 8 41 46 8 36 25 35 15 32 42 19 23 15 24 5 16 0 42 1 38 37 41 41
2 31 2 32 31 16 10 9 43 34 45 47 11 44 44 23 16 25 40 23 6 4 14 43 1 47 42 27 25 48 6 47 23 15 27 1 24 28 46 31 10 28 23 5 12 0 28 50 9 26 50
30 34 13 8 41 44 35 17 46 28 49 23 42 40 28 17 11 22 25 18 37 49 50 22 42 31 29 47 7 24 21 45 14 42 28 48 31 23 25 34 34 25 27 1 31 22 0 45 19 34 5
20 12 14 9 44 5 4 33 38 7 21 28 35 46 24 24 33 22 11 29 2 29 38 12 49 30 17 4 14 49 22 9 31 37 3 41 8 15 8 3 28 33 23 32 3 32 6 0 46 45 39
13 23 3 1 10 17 5 17 16 6 38 7 41 15 24 28 2 30 15 14 29 42 48 11 30 10 33 19 43 37 41 32 31 40 13 16 21 5 27 22 9 50 21 24 3 50 12 36 0 30 45
31 47 7 2 20 3 29 12 26 21 16 45 17 50 21 35 34 15 41 42 14 12 9 14 39 15 50 44 45 7 18 44 44 48 35 29 7 26 31 23 14 6 14 42 13 44 22 31 39 0 31
10 50 37 3 28 1 26 42 27 24 31 24 22 34 35 49 12 24 7 18 26 43 37 30 11 8 25 26 21 17 15 18 24 20 39 17 7 2 36 17 38 8 30 5 26 43 24 2 3 12 0
