0 43 990 525 369 278 554 869 383 557 447 524 514 56 704 435 291 567 518 500 655 299 1 786 845 438 479 93 730 266 900 124 401 352 636 880 955 856 706 445 978 594 698 927 882 563 371 26 50 777 296 141 673 480 718 305 236 44 549 859 22 614 53 695 603 40 268 433 578 565 164 252 364 271 595 290 713 510 486 657 178 775 788 20 275 130 96 821 326 41 76 279 339 536 599 59 446 143 848 105 376 390 29 142 139 344 28 147 658 783 221 811 574 330 386 895 37 454 25 216 696 873 680 864 343 857 899 204 613 87 211 35 171 793 852 832 210 260 612 934 533 825 420 573 976 349 624 546 250 269 653 52 161 373 887 969 11 283 925 217 54 148 675 384 957 904 363 397 579 284 23 923 439 891 46 881 701 471 831 983 637 732 623 977 357 311 456 298 255 3 493 652 697 667 758 784 835 335 24 586 795 742 80 800 309 68 205 338 84 763 18 382 939 953 134 117 55 455 318 453 642 929 118 64 902 583 749 9 520 368 898 922 566 451 477 838 135 101 48 412 222 156 575 432 866 941 651 956 162 872 94 325 587 140 523 317 208 372 839 619 27 805 62 577 358 634 348 396 237 491 466 665 543 121 991 281 238 875 879 89 467 935 69 285 14 12 884 232 759 648 521 78 74 936 813 499 414 674 79 242 427 539 686 448 854 892 103 728 110 963 367 684 223 346 818 190 996 16 13 810 736 682 814 418 240 170 481 149 308 738 392 871 508 492 182 288 993 906 428 516 251 712 679 345 304 722 743 215 946 504 356 997 406 2 809 621 830 292 154 820 31 591 267 747 331 964 918 569 901 179 450 796 259 289 973 239 165 65 609 244 347 30 561 863 522 248 230 646 954 748 877 185 361 106 772 7 58 615 708 828 823 465 535 733 61 641 473 202 705 714 986 724 717 213 487 191 470 440 391 994 846 952 337 342 650 138 723 17 231 194 598 353 109 1000 320 581 932 833 559 243 168 645 798 276 792 661 972 265 849 506 626 547 461 868 960 212 184 951 959 377 812 751 444 416 622 85 430 870 71 531 494 192 413 429 874 186 947 606 503 889 689 334 933 365 720 131 625 693 817 767 610 840 683 431 995 169 187 878 778 540 893 517 60 909 370 176 34 180 930 551 220 407 774 762 501 177 647 611 715 209 971 801 897 136 174 328 702 125 95 602 495 496 47 405 883 36 323 532 395 72 254 824 402 570 122 768 989 564 415 410 158 917 843 844 916 600 545 709 107 505 378 472 183 360 974 690 571 443 981 224 905 464 688 302 441 115 826 588 282 961 858 766 393 802 351 519 797 511 752 6 700 227 515 753 644 490 381 203 827 10 847 82 32 151 300 958 542 908 584 380 841 928 329 806 469 286 620 776 434 914 640 253 336 485 677 83 945 513 219 198 399 785 419 270 502 98 404 685 160 112 228 731 949 301 100 593 188 256 497 75 457 865 580 172 741 332 896 442 560 436 950 926 975 604 601 417 555 552 145 888 850 116 721 967 808 77 631 534 137 780 654 425 528 195 452 590 129 942 605 745 462 744 886 421 206 197 910 33 181 999 86 387 476 322 562 526 948 779 67 861 734 39 855 860 102 787 355 73 258 912 920 458 38 944 241 548 608 678 765 885 91 819 167 853 312 618 313 711 769 459 862 719 671 924 287 315 998 527 911 703 150 324 389 509 201 979 15 707 321 746 965 541 537 5 350 553 354 576 475 474 940 632 725 319 635 306 607 295 57 111 643 666 159 867 803 597 822 199 424 558 663 153 163 791 773 842 193 582 694 400 919 760 649 550 310 113 207 970 556 247 280 638 263 851 411 277 66 119 437 200 915 659 293 676 366 173 261 816 984 423 114 937 530 662 568 629 19 341 664 51 755 757 740 507 968 144 42 815 890 484 589 359 807 152 49 225 794 544 294 633 727 726 274 146 764 756 175 750 592 307 398 729 988 45 672 903 468 99 992 394 127 681 931 297 913 739 660 449 463 108 97 128 789 235 155 4 692 639 585 63 81 628 226 157 316 340 938 754 670 123 921 272 716 196 943 88 982 668 246 104 627 120 460 498 483 710 699 529 303 21 90 761 834 126 327 379 790 385 966 770 512 92 771 362 616 133 245 234 214 572 408 233 70 907 374 249 489 735 894 264 8 596 985 836 962 876 189 333 829 403 132 737 273 257 837 980 478 229 0
0 656 630 781 0
0 422 782 218 0
0 375 166 0
0 804 409 799 0
0 482 388 0
0 617 0
0 426 488 0
0 669 262 0
0 987 538 687 0
0 691 314 0