7177
11
0 43 811 60 503 759 70 733 274 769 459 880 955 856 937 595 970 393 802 358 231 473 466 796 922 308 738 453 20 275 940 15 355 73 99 533 859 22 614 273 603 40 288 258 912 168 540 659 385 446 835 335 676 118 64 902 726 777 668 75 29 578 565 164 103 679 695 283 925 543 121 291 567 141 673 480 468 492 239 165 65 609 932 704 683 682 978 594 173 82 220 407 774 825 324 969 554 374 255 3 872 94 605 345 318 580 78 249 427 487 191 514 56 754 218 31 298 531 494 307 377 942 848 976 349 624 418 240 49 579 352 636 566 461 656 826 986 458 59 706 445 847 58 205 338 906 781 188 256 838 478 229 101 895 419 809 247 908 189 200 915 74 936 813 163 182 953 134 169 463 206 202 477 236 44 353 342 589 125 215 946 504 845 438 479 93 730 266 28 389 509 528 747 724 383 557 447 524 801 941 651 296 760 881 701 471 831 618 313 829 277 481 107 505 142 139 344 751 997 414 674 786 161 850 69 279 387 415 523 837 975 213 390 159 867 223 423 793 852 832 294 757 259 967 593 898 536 909 143 520 368 875 382 89 467 638 113 306 862 109 1000 320 401 869 983 126 443 981 545 784 857 899 204 613 87 211 35 171 518 926 367 50 725 812 434 365 720 441 187 878 563 371 26 131 877 208 496 47 405 883 36 864 343 241 548 608 384 866 615 708 828 956 162 661 957 993 4 587 140 742 71 648 550 102 158 148 675 612 319 635 998 41 583 749 9 745 762 501 177 179 903 433 105 323 534 634 363 499 238 810 930 764 381 174 328 715 114 122 281 426 284 48 412 689 18 627 827 10 917 816 570 574 330 386 929 108 787 535 237 491 329 546 495 984 539 260 486 429 652 697 667 758 719 209 971 516 68 713 510 680 590 413 370 176 34 180 798 369 278 331 623 977 799 950 350 462 744 991 642 315 718 305 76 861 498 527 911 451 299 1 633 782 12 420 573 994 178 963 172 741 440 391 765 97 586 795 748 332 896 271 868 117 55 654 326 771 83 945 290 207 914 640 253 6 700 227 515 879 37 106 763 224 783 891 46 853 312 476 688 421 63 910 33 542 16 13 19 404 356 396 968 203 357 311 456 150 221 854 892 767 610 144 42 800 309 712 844 267 797 2 217 646 954 86 192 269 653 52 888 472 183 61 863 571 559 973 698 552 145 490 175 870 130 348 111 54 442 820 136 918 569 901 359 556 537 882 214 432 602 406 591 687 966 295 11 650 138 723 248 230 151 300 592 262 928 843 935 292 154 568 629 553 354 961 66 119 17 508 366 216 378 996 14 428 972 521 544 226 707 321 582 394 185 361 716 670 123 410 455 261 84 772 7 430 194 411 251 402 317 250 792 815 628 541 85 409 817 944 581 454 25 761 923 439 619 27 805 62 577 756 588 282 641 465 965 990 399 677 351 167 67 395 72 254 824 666 849 564 264 822 199 252 364 893 470 637 732 649 522 874 314 190 425 303 337 601 417 555 242 709 293 334 245 964 170 263 116 100 692 711 770 129 437 617 790 621 146 500 655 276 360 974 184 821 894 818 244 779 681 931 905 304 110 988 45 752 814 339 561 934 722 731 228 740 257 511 630 959 181 999 270 380 841 362 98 575 819 558 663 153 147 658 794 341 77 678 685 160 112 400 702 525 807 502 285 560 436 265 766 943 95 598 728 947 606 90 684 596 672 842 193 833 846 952 235 484 616 243 840 24 431 995 79 493 538 693 696 873 717 301 705 124 212 333 789 611 631 885 379 907 327 234 884 836 776 985 96 690 549 403 729 734 958 435 900 600 750 388 289 743 92 804 373 475 924 632 927 980 529 987 152 913 834 547 80 686 645 806 469 286 620 599 768 989 979 662 699 156 222 88 890 127 889 422 464 376 625 297 488 858 960 397 916 639 626 81 513 219 198 876 155 197 657 933 310 246 104 584 347 30 572 408 424 604 23 737 519 444 830 992 855 860 808 316 210 485 962 157 865 201 526 778 780 512 839 457 791 773 785 448 585 449 39 647 694 133 710 128 562 951 132 735 851 322 120 919 272 823 530 137 372 460 450 576 346 51 755 8 622 375 607 982 336 497 887 551 115 643 949 897 532 416 483 57 660 721 920 664 91 225 21 938 398 644 506 671 739 482 149 597 904 727 166 452 53 939 233 340 195 921 268 886 287 474 753 703 5 0
0 691 0
0 392 871 775 0
0 489 669 0
0 325 736 0
0 32 746 0
0 186 665 0
0 788 517 714 803 0
0 948 302 0
0 232 196 135 0
0 507 280 38 0
