6234
8
0 779 1049 921 62 859 384 857 1440 661 1067 1160 101 274 1338 641 1348 698 579 1120 1065 589 1307 448 541 382 1382 564 243 169 794 997 430 329 324 1314 335 1053 197 941 1172 308 835 115 1207 340 416 1310 1090 1147 1023 780 403 924 55 526 540 78 792 1299 1432 1013 532 871 349 570 122 898 667 998 1093 319 519 717 1490 443 718 35 316 737 1269 884 1234 832 833 333 746 688 251 440 85 1077 295 935 1369 1080 980 705 7 458 644 1429 357 1072 518 248 439 826 134 54 1128 1315 1414 1375 1197 423 1141 1038 1370 493 1024 845 874 765 1031 637 246 175 601 292 1082 419 203 1295 400 769 61 1261 1143 536 1418 1041 693 728 1296 855 578 1458 537 836 1130 1393 1465 1457 1237 221 643 927 1036 1046 1182 738 266 1092 967 302 1051 943 1209 1401 895 1313 1481 768 77 445 1100 660 28 166 791 1037 273 375 1361 338 1134 109 909 208 15 478 1002 1000 1445 341 200 348 1180 1322 1010 1132 567 1442 721 1014 843 186 811 676 851 352 1113 1279 756 951 1108 486 108 700 513 1277 228 147 1084 1228 374 1068 555 560 1309 476 1007 86 309 157 1081 1104 817 9 1300 1402 1454 1447 1386 770 889 1306 337 282 411 666 1058 284 655 686 150 92 1226 383 336 1229 1193 829 883 1112 236 1195 97 24 1148 1474 460 687 963 549 1483 455 34 649 488 598 1183 1250 595 479 415 1200 576 230 1126 830 1482 707 155 1297 143 1283 395 1262 1466 1061 605 1043 987 10 482 573 140 1032 1435 315 435 481 5 611 812 795 1446 1203 1316 571 42 590 144 81 821 691 1500 712 887 106 873 370 187 1122 619 1170 674 71 1056 137 1219 1168 417 1025 190 113 272 1253 405 834 195 974 852 775 8 989 955 572 521 1350 72 69 1152 574 1413 149 1450 1186 1091 487 1204 428 1206 360 977 80 1035 1320 57 1394 179 1330 27 110 1012 993 894 524 277 1371 766 758 558 1464 91 1456 380 1499 130 426 1365 1438 1069 100 814 1305 1106 529 1212 160 377 1078 602 232 920 1340 913 79 656 1099 1137 1259 38 13 1181 1353 1139 396 242 933 901 495 1392 931 805 727 1396 509 915 633 533 982 1094 613 608 1448 925 425 164 469 240 310 268 716 432 1097 612 646 1410 782 427 1378 1075 1171 869 138 453 581 1298 803 124 76 1066 1157 956 710 1351 1475 204 1044 376 947 531 16 1468 467 312 1419 1125 940 1162 47 587 749 393 1211 1146 233 177 1417 1011 1491 1391 939 652 559 818 714 685 353 480 1029 252 447 1489 580 269 823 503 822 60 668 48 897 1117 146 856 1189 118 881 1292 520 867 154 11 1199 367 670 1479 438 1354 1040 182 29 1086 553 820 1179 50 831 704 511 1449 1343 1156 216 824 719 527 839 497 761 1287 260 1303 234 1430 98 1293 158 937 323 205 1251 1063 1323 1133 991 484 189 413 864 827 1005 622 99 1318 371 654 934 167 193 1360 879 796 94 701 912 291 972 650 1028 1471 1358 1443 944 1256 156 1027 586 507 1177 911 1260 224 1060 872 288 946 1327 1220 433 192 418 640 952 490 917 73 1428 119 865 407 74 1255 1198 629 237 1163 957 1271 669 39 657 456 1021 854 457 58 1105 128 358 551 606 534 618 212 165 569 729 863 1472 1022 681 1426 802 965 364 306 1165 546 1439 584 741 793 1484 1494 614 1135 1389 174 442 1185 394 389 1424 1469 1216 392 112 1487 975 1190 1451 185 1441 70 20 561 1291 1404 231 1020 1312 1252 304 1136 923 1492 351 600 1223 776 983 842 1416 434 218 1164 797 800 906 1167 634 739 1107 552 517 535 301 105 1268 254 1436 472 825 1333 46 461 813 1290 556 289 658 1273 908 132 422 635 1159 350 732 596 819 161 1431 388 219 888 387 95 494 1062 899 692 1326 404 588 1427 334 265 320 499 1083 372 41 1248 492 214 162 966 366 1356 446 597 297 929 198 767 995 44 1289 1131 14 1408 743 1346 988 1362 381 1057 683 1376 431 1311 762 363 970 466 176 510 1398 938 322 1015 984 163 882 1243 858 932 64 651 475 250 671 840 1399 799 742 129 954 75 538 93 159 1194 522 892 815 211 1202 65 754 626 1403 985 1319 505 565 1071 945 694 1 523 1332 226 314 736 261 789 875 978 196 471 321 18 1115 659 969 1009 1301 96 1409 1280 227 953 617 368 244 778 83 689 1476 1016 759 369 878 1334 1124 1258 184 772 725 229 914 1098 17 959 502 121 1337 804 798 1018 280 285 347 1254 1284 89 270 844 962 620 63 1405 1434 1158 979 152 1039 500 1227 1116 866 1045 90 148 220 1064 994 241 828 67 702 235 473 677 961 1026 948 1187 465 604 1235 1493 12 903 1377 420 720 999 1129 1387 489 463 25 1270 263 1101 1264 1088 1495 56 1355 849 1140 548 554 188 1222 125 942 278 332 850 1232 421 247 861 346 245 512 890 1249 960 359 1374 496 1367 1317 1196 1329 173 19 1357 1145 680 49 753 544 491 1110 1230 1336 45 441 1328 1325 563 1225 631 1224 1208 848 847 391 238 1154 202 730 1467 32 1272 1215 1267 342 408 1478 557 178 424 642 279 1155 103 1364 1496 191 1191 809 607 711 781 1214 452 936 1372 1144 311 562 1238 583 690 1459 1096 1385 104 837 790 539 239 290 1444 88 1070 964 1048 624 1265 1079 294 735 1173 168 206 281 275 592 255 1210 893 1381 723 696 68 1379 1174 23 1366 1470 1331 286 757 1359 1342 653 313 437 1150 1213 726 1373 327 22 891 1406 1412 429 1266 896 1188 222 662 632 397 928 853 1263 885 1390 180 755 958 771 37 123 1498 550 1153 141 171 1400 1245 298 750 786 299 1415 628 1407 1282 773 87 378 1294 673 516 276 116 468 26 1111 117 328 194 1074 870 1242 287 1349 1345 1184 1304 647 483 1247 575 33 102 1288 209 373 996 498 525 1118 1384 744 950 131 672 1059 1192 514 971 201 1244 695 740 1240 1217 543 639 630 139 841 51 1339 1388 876 665 684 390 36 1308 1050 1285 1089 568 1231 747 1380 663 926 763 645 59 724 784 922 267 223 528 621 474 902 816 777 1008 1030 317 331 256 785 787 616 877 709 594 1420 406 43 451 107 1169 136 1178 1302 905 127 807 745 625 1246 638 325 577 1281 356 918 1151 1488 910 283 52 485 1477 582 450 868 506 1460 1102 904 1085 609 262 111 603 170 990 1425 1347 760 808 1149 362 1121 1017 916 508 345 1241 436 880 1087 930 1461 1047 1042 1034 1205 361 968 1218 1462 1437 1274 84 1463 1421 1368 259 344 464 1138 1480 207 1236 846 444 713 1276 253 264 1054 1411 664 365 379 1004 1286 981 1161 454 3 591 199 1335 703 545 1324 1176 636 1455 1033 412 401 679 114 648 354 1383 708 21 748 30 1095 566 774 249 1257 900 722 1103 399 907 1166 810 752 783 303 838 593 142 1433 82 678 1453 585 153 1076 300 126 764 886 699 120 547 501 145 1142 992 1352 1233 801 470 949 919 343 862 986 1127 530 1395 697 1221 599 386 477 1119 1397 1073 339 217 1275 1052 1123 271 806 1473 4 409 731 1341 610 135 788 1497 733 410 293 210 258 1003 1344 40 225 682 462 1201 1321 1019 215 860 326 459 296 1175 1423 133 627 31 615 305 1485 318 1452 1109 2 257 1001 715 172 1055 414 183 6 504 151 402 1278 976 1363 66 751 1422 515 623 1006 0
0 734 330 0
0 355 213 53 0
0 973 1239 0
0 542 181 1486 0
0 398 675 0
0 307 449 385 0
0 706 1114 0
